if game.PlaceId == 855499080 then
   local PlaceId = game.PlaceId
local BooHub = loadstring(game:HttpGet("https://raw.githubusercontent.com/zachisfunny/BooHub/main/Boo"))()

local UI = BooHub.Load({
     Title = "👻 Boo Hub",
     Style = 0,
     SizeX = 400,
     SizeY = 300,
     Theme = "Dark"
})

local Page = UI.New({
    Title = "Main"
})

local Page2 = UI.New({
    Title = "Auto Farm"
})

Page.Label({
    Text = "Made by ZACH.#6257"
})

Page.Slider({ -- is a slider
    Text = "Walk Speed",
    Callback = function(value)
game.Players.LocalPlayer.Character.Humanoid.WalkSpeed = value
    end,
    Min = 16,
    Max = 50,
    Def = 16
})

Page.Slider({ -- is a slider
    Text = "Jump Power",
    Callback = function(value)
game.Players.LocalPlayer.Character.Humanoid.JumpPower = value
    end,
    Min = 50,
    Max = 100,
    Def = 50
})

Page.Button({ -- is a button
    Text = "MEGA VIP ROOM",
    Callback = function()
	local oh1 = CFrame.new(0.644594908, 264, 67.4945374)
	local oh2 = game:GetService("Players")
	local oh3 = oh2.LocalPlayer.Character.HumanoidRootPart


	oh3.CFrame = oh1 
    end
})

Page.Button({ -- is a button
    Text = "VIP ROOM",
    Callback = function()
	local oh1 = CFrame.new(0.129652873, 264, -72.7414246)
	local oh2 = game:GetService("Players")
	local oh3 = oh2.LocalPlayer.Character.HumanoidRootPart


	oh3.CFrame = oh1
    end
})


Page.Button({ -- is a button
    Text = "Lobby",
    Callback = function()
	local New_CFrame = CFrame.new(-0.418475986, 268, -0.111892045)


	local ts = game:GetService("TweenService")
	local uis = game:GetService("UserInputService")
	local char = game.Players.LocalPlayer.Character

	local part = char.HumanoidRootPart
	local ti = TweenInfo.new(1, Enum.EasingStyle.Linear)
	local tp = {CFrame = New_CFrame}

	ts:Create(part, ti, tp):Play()
    end
})

Page.Button({ -- is a button
    Text = "Middle Island",
    Callback = function()
	local New_CFrame = CFrame.new(11.3622465, 165.000183, -0.872686088)


	local ts = game:GetService("TweenService")
	local uis = game:GetService("UserInputService")
	local char = game.Players.LocalPlayer.Character

	local part = char.HumanoidRootPart
	local ti = TweenInfo.new(1, Enum.EasingStyle.Linear)
	local tp = {CFrame = New_CFrame}

	ts:Create(part, ti, tp):Play()
    end
})




Page.Button({ -- is a button
    Text = "ESP",
    Callback = function()
          local esp_settings = { ---- table for esp settings 
        textsize = 10,
        colour = 0,255,255
    }


    
    local gui = Instance.new("BillboardGui")
    local esp = Instance.new("TextLabel",gui) ---- new instances to make the billboard gui and the textlabel
    
    
    
    gui.Name = "Zachs ESP"; ---- properties of the esp
    gui.ResetOnSpawn = false
    gui.AlwaysOnTop = true;
    gui.LightInfluence = 0;
    gui.Size = UDim2.new(2, 0, 2, 0);
    esp.BackgroundColor3 = Color3.fromRGB(0,255,255);
    esp.Text = ""
    esp.Size = UDim2.new(0.0001, 0.00001, 0.0001, 0.00001);
    esp.BorderSizePixel = 4;
    esp.BorderColor3 = Color3.new(esp_settings.colour)
    esp.BorderSizePixel = 0
    esp.Font = "Arial"
    esp.TextSize = esp_settings.textsize
    esp.TextColor3 = Color3.fromRGB(esp_settings.colour) -- text colour
    
    game:GetService("RunService").RenderStepped:Connect(function() ---- loops faster than a while loop :)
        for i,v in pairs (game:GetService("Players"):GetPlayers()) do
            if v ~= game:GetService("Players").LocalPlayer and v.Character.Head:FindFirstChild("Zachs ESP")==nil  then -- craeting checks for team check, local player etc
                esp.Text = "["..v.Name.."]"
                gui:Clone().Parent = v.Character.Head
        end
    end
    end)
    end
})

Page.Button({ -- toggles a script, on or off
    Text = "Fly",
    Callback = function()
loadstring(game:HttpGet(('https://raw.githubusercontent.com/zachisfunny/Universal-Vehicle-Fly/main/Script'),true))()
    end

})

Page.Toggle({ -- toggles a script, on or off
    Text = "Infinite Jump",
    Callback = function(value)
        getgenv().inf = value -- this value is what you see then it says Callback = function(value), that value is basically an on and off script made for you
        spawn(function()
            while inf == true do
                if (inf == false) then break end
game:GetService("UserInputService").JumpRequest:connect(function()
	if inf then
		game:GetService"Players".LocalPlayer.Character:FindFirstChildOfClass'Humanoid':ChangeState("Jumping")
	end
end)
wait()
end
end)
end,
Enabled = false
})

Page.Button({ -- toggles a script, on or off
    Text = "Reach",
    Callback = function()
loadstring(game:HttpGet(('https://raw.githubusercontent.com/zachisfunny/Universal-Reach/main/Reach%20Script'),true))()
    end

})

Page.Button({ -- toggles a script, on or off
    Text = "No Clip",
    Callback = function()
        game:GetService('RunService').Stepped:connect(function()
			game.Players.LocalPlayer.Character.Head.CanCollide = false
			game.Players.LocalPlayer.Character.Torso.CanCollide = false
			end)
    end

})

Page.Toggle({ -- toggles a script, on or off
    Text = "CTRL+Click TP",
    Callback = function(value)
        getgenv().tp = value
        if (tp == true) then
local Plr = game:GetService("Players").LocalPlayer
local Mouse = Plr:GetMouse()

Mouse.Button1Down:connect(function()
if not game:GetService("UserInputService"):IsKeyDown(Enum.KeyCode.LeftControl) then return end
if not Mouse.Target then return end
Plr.Character:MoveTo(Mouse.Hit.p)
end)

elseif (tp == false) then

    end
end,
Enabled = false
})

Page.Button({ -- is a button
    Text = "Destroy Kill Blocks",
    Callback = function()
game.Workspace.Lobby.KillPlates:Destroy()
wait()
game.Workspace.Borders:Destroy()
    end
})

Page.Button({ -- is a button
    Text = "Attach to back",
    Callback = function()
loadstring(game:HttpGet(('https://raw.githubusercontent.com/zachisfunny/Attach-to-back-Script/main/Script'),true))()
    end
})

Page.Button({ -- is a button
    Text = "Remove Anti-Cheat",
    Callback = function()
	game.Players.LocalPlayer.PlayerGui.Extra.AntiSploitClient2:Destroy()
	wait(1)
	game.Players.LocalPlayer.PlayerGui.Extra.AntiSploitClient:Destroy()
    end
})

Page.Button({ -- is a button
    Text = "Rejoin",
    Callback = function()
        game:GetService("TeleportService"):Teleport(game.PlaceId, game:GetService("Players").LocalPlayer)
    end
})

Page2.Toggle({ -- toggles a script, on or off
    Text = "Farm Wins",
    Callback = function(value)
	local New_CFrame = CFrame.new(-101.430191, 201.743546, -44.2380638, -0.993735254, -2.69989027e-08, -0.11175964, -3.06110834e-08, 1, 3.06050723e-08, 0.11175964, 3.38344215e-08, -0.993735254)
	local New_CFrame2 = CFrame.new(-43.4146271, 145.040222, -46.390995, 0.578745008, -1.29937344e-22, -0.815508544, 1.56139264e-22, 1, -4.85249705e-23, 0.815508544, -9.92493168e-23, 0.578745008)
	local New_CFrame3 = CFrame.new(40.4031715, 187.387283, 70.8812408, -0.0701056197, 3.26796936e-08, -0.99753958, 3.06083372e-08, 1, 3.06091898e-08, 0.99753958, -2.83871504e-08, -0.0701056197)
	local New_CFrame4 = CFrame.new(71.9843369, 194.688431, 34.4645805, -0.991887271, 2.09929749e-06, 0.127120405, 2.92260165e-06, 1, 6.29005126e-06, -0.127120405, 6.61054401e-06, -0.991887271)
    local New_CFrame5 = CFrame.new(81.3272476, 146.380325, -78.8984146, 0.995485783, -3.08809227e-08, -0.0949105695, 3.89729529e-08, 1, 8.34058795e-08, 0.0949105695, -8.67283134e-08, 0.995485783)
    local New_CFrame6 = CFrame.new(67.2776718, 201.337067, 67.8518219, -0.484694988, 1.63846252e-08, -0.874683261, -2.73901453e-08, 1, 3.3909977e-08, 0.874683261, 4.03936973e-08, -0.484694988)
    local New_CFrame7 = CFrame.new(-62.7966957, 149.288132, 69.4069824, 0.870750368, 9.94619764e-09, 0.491725355, -3.1812732e-08, 1, 3.61070462e-08, -0.491725355, -4.7083347e-08, 0.870750368)
    local New_CFrame8 = CFrame.new(88.8615723, 198.970016, -77.0840073, 0.248549402, -3.72554894e-08, -0.968619227, 3.06083088e-08, 1, -3.06083265e-08, 0.968619227, -2.20401155e-08, 0.248549402)
	local ts = game:GetService("TweenService")
	local uis = game:GetService("UserInputService")
	local char = game.Players.LocalPlayer.Character

	local part = char.HumanoidRootPart
	local ti = TweenInfo.new(1, Enum.EasingStyle.Linear)
	local tp = {CFrame = New_CFrame}
	local tp2 = {CFrame = New_CFrame2}
	local tp3 = {CFrame = New_CFrame3}
	local tp4 = {CFrame = New_CFrame4}
	local tp5 = {CFrame = New_CFrame5}
	local tp6 = {CFrame = New_CFrame6}
	local tp7 = {CFrame = New_CFrame7}
	local tp8 = {CFrame = New_CFrame8}

function autofarming()
    ts:Create(part, ti, tp):Play()
	wait(1)
	ts:Create(part, ti, tp2):Play()
	wait(1)
	ts:Create(part, ti, tp3):Play()
	wait(1)
	ts:Create(part, ti, tp4):Play()
	wait(1)
	ts:Create(part, ti, tp5):Play()
	wait(1)
	ts:Create(part, ti, tp6):Play()
	wait(1)
	ts:Create(part, ti, tp7):Play()
	wait(1)
	ts:Create(part, ti, tp8):Play()
	wait(1)
end
getgenv().autofarm = value
while autofarm do
    if not autofarm then break end
autofarming()
end
    end,
    Enabled = false
})
end
